Header : Client 4
0.000000
0.251162
0.501333
0.749525
0.994760
1.236068
1.472498
1.703117
1.927015
2.143307
2.351141
2.549696
2.738189
2.915874
3.082053
3.236068
3.377312
3.505227
3.619308
3.719106
3.804226
3.874333
3.929149
3.968459
3.992107
4.000000
3.992107
3.968459
3.929149
3.874333
3.804226
3.719106
3.619308
3.505227
3.377312
3.236068
3.082053
2.915874
2.738188
2.549696
2.351141
2.143307
1.927015
1.703117
1.472498
1.236068
0.994760
0.749525
0.501333
0.251162
-0.000000
-0.251163
-0.501333
-0.749525
-0.994759
-1.236068
-1.472498
-1.703117
-1.927015
-2.143307
-2.351141
-2.549696
-2.738188
-2.915874
-3.082053
-3.236068
-3.377311
-3.505226
-3.619308
-3.719106
-3.804226
-3.874333
-3.929149
-3.968459
-3.992107
-4.000000
-3.992107
-3.968459
-3.929149
-3.874332
-3.804226
-3.719106
-3.619308
-3.505226
-3.377312
-3.236068
-3.082053
-2.915875
-2.738189
-2.549696
-2.351141
-2.143307
-1.927015
-1.703117
-1.472498
-1.236068
-0.994759
-0.749525
-0.501332
-0.251161
