Header : Client 5
0.000000
0.313953
0.626666
0.936907
1.243450
1.545085
1.840623
2.128896
2.408769
2.679134
2.938926
3.187120
3.422736
3.644843
3.852566
4.045085
4.221640
4.381533
4.524135
4.648882
4.755283
4.842916
4.911436
4.960574
4.990134
5.000000
4.990134
4.960574
4.911436
4.842916
4.755282
4.648882
4.524135
4.381534
4.221640
4.045085
3.852566
3.644843
3.422735
3.187120
2.938926
2.679134
2.408769
2.128897
1.840623
1.545085
1.243450
0.936906
0.626666
0.313952
-0.000000
-0.313953
-0.626666
-0.936906
-1.243449
-1.545085
-1.840623
-2.128896
-2.408769
-2.679134
-2.938927
-3.187120
-3.422735
-3.644843
-3.852567
-4.045085
-4.221639
-4.381533
-4.524135
-4.648882
-4.755282
-4.842916
-4.911436
-4.960574
-4.990134
-5.000000
-4.990134
-4.960574
-4.911436
-4.842916
-4.755282
-4.648882
-4.524135
-4.381533
-4.221640
-4.045085
-3.852567
-3.644844
-3.422736
-3.187120
-2.938926
-2.679134
-2.408769
-2.128896
-1.840623
-1.545085
-1.243449
-0.936906
-0.626666
-0.313952
