Header : Client 3
0.000000
0.188372
0.376000
0.562144
0.746070
0.927051
1.104374
1.277338
1.445261
1.607480
1.763356
1.912272
2.053641
2.186906
2.311540
2.427051
2.532984
2.628920
2.714481
2.789330
2.853170
2.905750
2.946862
2.976344
2.994080
3.000000
2.994080
2.976344
2.946862
2.905750
2.853169
2.789330
2.714481
2.628920
2.532984
2.427051
2.311540
2.186906
2.053641
1.912272
1.763355
1.607480
1.445261
1.277338
1.104374
0.927051
0.746070
0.562144
0.376000
0.188371
-0.000000
-0.188372
-0.375999
-0.562144
-0.746070
-0.927051
-1.104374
-1.277338
-1.445261
-1.607481
-1.763356
-1.912272
-2.053641
-2.186906
-2.311540
-2.427051
-2.532983
-2.628920
-2.714481
-2.789329
-2.853169
-2.905750
-2.946862
-2.976344
-2.994080
-3.000000
-2.994080
-2.976344
-2.946862
-2.905749
-2.853169
-2.789329
-2.714481
-2.628920
-2.532984
-2.427051
-2.311540
-2.186906
-2.053642
-1.912272
-1.763356
-1.607481
-1.445261
-1.277338
-1.104374
-0.927051
-0.746069
-0.562144
-0.375999
-0.188371
