Header : Client 2
0.000000
0.125581
0.250666
0.374763
0.497380
0.618034
0.736249
0.851559
0.963507
1.071654
1.175570
1.274848
1.369094
1.457937
1.541026
1.618034
1.688656
1.752613
1.809654
1.859553
1.902113
1.937166
1.964574
1.984229
1.996053
2.000000
1.996053
1.984229
1.964574
1.937166
1.902113
1.859553
1.809654
1.752613
1.688656
1.618034
1.541026
1.457937
1.369094
1.274848
1.175570
1.071653
0.963508
0.851559
0.736249
0.618034
0.497380
0.374763
0.250666
0.125581
-0.000000
-0.125581
-0.250666
-0.374762
-0.497380
-0.618034
-0.736249
-0.851559
-0.963507
-1.071654
-1.175571
-1.274848
-1.369094
-1.457937
-1.541027
-1.618034
-1.688656
-1.752613
-1.809654
-1.859553
-1.902113
-1.937166
-1.964574
-1.984229
-1.996053
-2.000000
-1.996053
-1.984229
-1.964574
-1.937166
-1.902113
-1.859553
-1.809654
-1.752613
-1.688656
-1.618034
-1.541027
-1.457937
-1.369094
-1.274848
-1.175571
-1.071654
-0.963507
-0.851559
-0.736249
-0.618034
-0.497380
-0.374762
-0.250666
-0.125581
